---
build/assets/img/teyepe-d4137226.png: 2019-05-09 09:51:55.701085888 +01:00
build/assets/img/teyepe-2a7ce4e5.jpg: 2019-05-10 14:19:57.534248241 +01:00
