---
build/544110bc74775cc1ce658f31c5f22d00-515d2812.png: 2019-05-13 22:19:11.131097649
  +01:00
build/assets/img/bg--purple-d2bb8400.png: 2019-05-13 22:19:11.131020322 +01:00
build/assets/img/sample-07-2f6a309e.png: 2019-05-13 22:19:11.129181089 +01:00
build/assets/img/bg--offwhite-abdbc62c.png: 2019-05-13 22:19:11.129217901 +01:00
build/assets/img/sample-02-31b4bc1e.png: 2019-05-13 22:19:11.133256697 +01:00
build/assets/img/sample-06-91fe29f0.png: 2019-05-13 22:19:44.821627528 +01:00
build/assets/img/teyepe-d4137226.png: 2019-05-13 22:19:11.130504406 +01:00
build/assets/img/teyepe-5a8d41d7.jpg: 2019-05-13 22:19:11.134614238 +01:00
build/assets/img/bg--orange-515d2812.png: 2019-05-13 22:19:11.129162564 +01:00
build/assets/img/sample-03-f581f499.png: 2019-05-13 22:19:11.132547385 +01:00
build/assets/img/sample-06-eb9d6642.jpg: 2019-05-13 22:19:11.133782720 +01:00
build/assets/img/sample-04-1bd93c49.png: 2019-05-13 22:19:11.132066886 +01:00
build/assets/img/sample-05-60f6a5b9.png: 2019-05-13 22:19:11.131030763 +01:00
build/assets/img/sample-01-f7446079.png: 2019-05-13 22:19:11.132253843 +01:00
build/9f5166c468771f91bae0fd4db8070ac2-abdbc62c.png: 2019-05-13 22:19:11.133402297
  +01:00
