---
build/544110bc74775cc1ce658f31c5f22d00-515d2812.png: 2019-05-11 01:35:38.511702626
  +01:00
build/assets/img/bg--purple-d2bb8400.png: 2019-05-11 01:35:38.513326998 +01:00
build/assets/img/bg--offwhite-abdbc62c.png: 2019-05-11 01:35:38.511493354 +01:00
build/assets/img/sample-02-31b4bc1e.png: 2019-05-11 01:35:38.514099881 +01:00
build/assets/img/teyepe-d4137226.png: 2019-05-09 01:01:46.821712321 +01:00
build/assets/img/teyepe-5a8d41d7.jpg: 2019-05-11 01:35:38.515392055 +01:00
build/assets/img/bg--orange-515d2812.png: 2019-05-11 01:35:38.511483546 +01:00
build/assets/img/sample-03-f581f499.png: 2019-05-11 01:35:38.514803875 +01:00
build/assets/img/sample-04-1bd93c49.png: 2019-05-11 01:35:38.514156418 +01:00
build/assets/img/sample-05-60f6a5b9.png: 2019-05-11 01:35:38.513325420 +01:00
build/assets/img/sample-01-f7446079.png: 2019-05-11 01:35:38.511476417 +01:00
build/9f5166c468771f91bae0fd4db8070ac2-abdbc62c.png: 2019-05-11 01:35:38.513454089
  +01:00
