---
build/apple-touch-icon.png: 2019-05-13 22:41:26.855666542 +01:00
build/544110bc74775cc1ce658f31c5f22d00-515d2812.png: 2019-05-14 00:56:17.408165795
  +01:00
build/android-chrome-512x512-1c30e99f.png: 2019-07-19 00:47:25.168909523 +01:00
build/favicon-32x32-e68fbfab.png: 2019-07-19 00:47:13.140914265 +01:00
build/assets/img/teyepe_360-d045531a.jpg: 2019-07-19 00:47:13.498921553 +01:00
build/assets/img/bg--purple-d2bb8400.png: 2019-05-14 00:56:17.409952248 +01:00
build/assets/img/teyepe_560x2-266ec6d1.jpg: 2019-07-19 00:47:20.986962498 +01:00
build/assets/img/bg--offwhite-abdbc62c.png: 2019-05-14 00:56:17.409922999 +01:00
build/assets/img/teyepe-5a8d41d7.jpg: 2019-05-14 00:56:17.412002089 +01:00
build/assets/img/teyepe_360x2-8b2f246e.jpg: 2019-07-19 00:47:25.730137648 +01:00
build/assets/img/bg--orange-515d2812.png: 2019-05-14 00:56:17.409165546 +01:00
build/assets/img/teyepe_220-37e6380b.jpg: 2019-07-19 00:47:25.902443775 +01:00
build/assets/img/teyepe_560-bdb1be35.jpg: 2019-07-19 00:47:30.547259962 +01:00
build/assets/img/teyepe_220x2-bc46ffbe.jpg: 2019-07-19 00:47:30.456593120 +01:00
build/android-chrome-192x192-437f8120.png: 2019-07-19 00:47:32.140608045 +01:00
build/9f5166c468771f91bae0fd4db8070ac2-abdbc62c.png: 2019-05-14 00:56:17.411593429
  +01:00
build/favicon-16x16-b8fda325.png: 2019-07-19 00:47:30.530612811 +01:00
