---
build/assets/img/teyepe-d4137226.png: 2019-05-09 01:01:46.821712321 +01:00
build/assets/img/teyepe-2a7ce4e5.jpg: 2019-05-10 01:13:19.858998771 +01:00
