---
build/apple-touch-icon.png: 2019-05-14 19:29:58.424870326 +01:00
build/544110bc74775cc1ce658f31c5f22d00-515d2812.png: 2019-05-14 15:47:48.596427600
  +01:00
build/android-chrome-512x512-1c30e99f.png: 2019-05-14 19:30:08.319030322 +01:00
build/favicon-32x32-e68fbfab.png: 2019-05-14 19:29:56.142356848 +01:00
build/assets/img/bg--purple-d2bb8400.png: 2019-05-14 15:47:48.605154780 +01:00
build/assets/img/sample-07-2f6a309e.png: 2019-05-14 15:47:48.615338083 +01:00
build/assets/img/bg--offwhite-abdbc62c.png: 2019-05-14 15:47:48.603992064 +01:00
build/assets/img/sample-02-31b4bc1e.png: 2019-05-14 15:47:48.606511367 +01:00
build/assets/img/sample-06-91fe29f0.png: 2019-05-14 19:30:20.549853853 +01:00
build/assets/img/teyepe-5a8d41d7.jpg: 2019-05-14 15:47:48.617232472 +01:00
build/assets/img/bg--orange-515d2812.png: 2019-05-14 15:47:48.604368723 +01:00
build/assets/img/sample-03-f581f499.png: 2019-05-14 15:47:48.609359998 +01:00
build/assets/img/sample-06-eb9d6642.jpg: 2019-05-14 15:47:48.614443703 +01:00
build/assets/img/sample-04-1bd93c49.png: 2019-05-14 15:47:48.609636656 +01:00
build/assets/img/sample-05-60f6a5b9.png: 2019-05-14 15:47:48.609985695 +01:00
build/assets/img/sample-01-f7446079.png: 2019-05-14 15:47:48.606274476 +01:00
build/android-chrome-192x192-437f8120.png: 2019-05-14 19:30:10.272984477 +01:00
build/9f5166c468771f91bae0fd4db8070ac2-abdbc62c.png: 2019-05-14 15:47:48.597942342
  +01:00
build/favicon-16x16-b8fda325.png: 2019-05-14 19:30:08.393642511 +01:00
