---
build/apple-touch-icon.png: 2019-05-14 20:14:43.751212419 +01:00
build/544110bc74775cc1ce658f31c5f22d00-515d2812.png: 2019-05-14 20:14:40.912292329
  +01:00
build/android-chrome-512x512-1c30e99f.png: 2019-05-15 17:20:38.952605434 +01:00
build/favicon-32x32-e68fbfab.png: 2019-05-15 17:20:27.930968426 +01:00
build/assets/img/teyepe_360-d045531a.jpg: 2019-05-15 17:20:28.180127385 +01:00
build/assets/img/bg--purple-d2bb8400.png: 2019-05-14 20:14:40.911728670 +01:00
build/assets/img/sample-07-2f6a309e.png: 2019-05-14 20:14:40.913940355 +01:00
build/assets/img/teyepe_560x2-266ec6d1.jpg: 2019-05-15 17:20:28.946535828 +01:00
build/assets/img/bg--offwhite-abdbc62c.png: 2019-05-14 20:14:40.912383069 +01:00
build/assets/img/sample-02-31b4bc1e.png: 2019-05-14 20:14:40.911892922 +01:00
build/assets/img/sample-06-91fe29f0.png: 2019-05-15 17:20:51.423682882 +01:00
build/assets/img/teyepe-5a8d41d7.jpg: 2019-05-14 20:14:40.915690641 +01:00
build/assets/img/teyepe_360x2-8b2f246e.jpg: 2019-05-15 17:20:28.540362643 +01:00
build/assets/img/bg--orange-515d2812.png: 2019-05-14 20:14:40.911936817 +01:00
build/assets/img/teyepe_220-37e6380b.jpg: 2019-05-15 17:20:34.213689710 +01:00
build/assets/img/teyepe_560-bdb1be35.jpg: 2019-05-15 17:20:39.383717466 +01:00
build/assets/img/sample-03-f581f499.png: 2019-05-14 20:14:40.912677452 +01:00
build/assets/img/sample-06-eb9d6642.jpg: 2019-05-14 20:14:40.915236890 +01:00
build/assets/img/sample-04-1bd93c49.png: 2019-05-14 20:14:40.912282880 +01:00
build/assets/img/teyepe_220x2-bc46ffbe.jpg: 2019-05-15 17:20:39.294202840 +01:00
build/assets/img/sample-05-60f6a5b9.png: 2019-05-14 20:14:40.912532961 +01:00
build/assets/img/sample-01-f7446079.png: 2019-05-14 20:14:40.911701370 +01:00
build/android-chrome-192x192-437f8120.png: 2019-05-15 17:20:41.031374596 +01:00
build/9f5166c468771f91bae0fd4db8070ac2-abdbc62c.png: 2019-05-14 20:14:40.911995701
  +01:00
build/favicon-16x16-b8fda325.png: 2019-05-15 17:21:13.048336260 +01:00
