---
build/apple-touch-icon.png: 2019-05-13 22:41:26.855666542 +01:00
build/544110bc74775cc1ce658f31c5f22d00-515d2812.png: 2019-05-14 00:56:17.408165795
  +01:00
build/android-chrome-512x512-1c30e99f.png: 2019-07-02 20:30:37.913188062 +01:00
build/favicon-32x32-e68fbfab.png: 2019-07-02 20:30:25.225010604 +01:00
build/assets/img/bg--purple-d2bb8400.png: 2019-05-14 00:56:17.409952248 +01:00
build/assets/img/bg--offwhite-abdbc62c.png: 2019-05-14 00:56:17.409922999 +01:00
build/assets/img/teyepe-5a8d41d7.jpg: 2019-05-14 00:56:17.412002089 +01:00
build/assets/img/bg--orange-515d2812.png: 2019-05-14 00:56:17.409165546 +01:00
build/android-chrome-192x192-437f8120.png: 2019-07-02 20:30:40.594122809 +01:00
build/9f5166c468771f91bae0fd4db8070ac2-abdbc62c.png: 2019-05-14 00:56:17.411593429
  +01:00
build/favicon-16x16-b8fda325.png: 2019-07-02 20:30:38.024038478 +01:00
