---
build/assets/img/teyepe-d4137226.png: 2019-05-09 09:51:55.701085888 +01:00
build/assets/img/teyepe-2a7ce4e5.jpg: 2019-05-10 12:57:24.945620289 +01:00
