---
build/apple-touch-icon.png: 2020-01-01 03:09:17.293110266 +00:00
build/544110bc74775cc1ce658f31c5f22d00-515d2812.png: 2019-12-31 17:30:21.655492238
  +00:00
build/android-chrome-512x512-1c30e99f.png: 2020-01-01 03:19:07.035309218 +00:00
build/favicon-32x32-e68fbfab.png: 2020-01-01 03:18:56.153890389 +00:00
build/assets/img/teyepe_360-d045531a.jpg: 2020-01-01 03:18:56.309287832 +00:00
build/assets/img/bg--purple-d2bb8400.png: 2019-12-31 17:30:21.659045307 +00:00
build/assets/img/teyepe_560x2-266ec6d1.jpg: 2020-01-01 03:18:57.095615718 +00:00
build/assets/img/bg--offwhite-abdbc62c.png: 2019-12-31 17:30:21.658437832 +00:00
build/assets/img/teyepe-5a8d41d7.jpg: 2019-12-31 17:30:21.661204588 +00:00
build/assets/img/teyepe_360x2-8b2f246e.jpg: 2020-01-01 03:18:56.609248815 +00:00
build/assets/img/bg--orange-515d2812.png: 2019-12-31 17:30:21.658710400 +00:00
build/assets/img/teyepe_220-37e6380b.jpg: 2020-01-01 03:18:56.224170170 +00:00
build/assets/img/teyepe_560-bdb1be35.jpg: 2020-01-01 03:18:56.643300390 +00:00
build/assets/img/teyepe_220x2-bc46ffbe.jpg: 2020-01-01 03:18:58.123885527 +00:00
build/android-chrome-192x192-437f8120.png: 2020-01-01 03:19:03.671123118 +00:00
build/9f5166c468771f91bae0fd4db8070ac2-abdbc62c.png: 2019-12-31 17:30:21.655798938
  +00:00
build/favicon-16x16-b8fda325.png: 2020-01-01 03:19:07.095789828 +00:00
