---
build/apple-touch-icon.png: 2019-05-13 22:41:26.855666542 +01:00
build/544110bc74775cc1ce658f31c5f22d00-515d2812.png: 2019-05-14 00:56:17.408165795
  +01:00
build/android-chrome-512x512-1c30e99f.png: 2019-07-27 09:45:06.323092407 +01:00
build/favicon-32x32-e68fbfab.png: 2019-07-27 09:44:55.858673157 +01:00
build/assets/img/teyepe_360-d045531a.jpg: 2019-07-27 09:44:56.195307801 +01:00
build/assets/img/bg--purple-d2bb8400.png: 2019-05-14 00:56:17.409952248 +01:00
build/assets/img/teyepe_560x2-266ec6d1.jpg: 2019-07-27 09:45:02.453250277 +01:00
build/assets/img/bg--offwhite-abdbc62c.png: 2019-05-14 00:56:17.409922999 +01:00
build/assets/img/teyepe-5a8d41d7.jpg: 2019-05-14 00:56:17.412002089 +01:00
build/assets/img/teyepe_360x2-8b2f246e.jpg: 2019-07-27 09:45:06.903639801 +01:00
build/assets/img/bg--orange-515d2812.png: 2019-05-14 00:56:17.409165546 +01:00
build/assets/img/teyepe_220-37e6380b.jpg: 2019-07-27 09:45:07.065024347 +01:00
build/assets/img/teyepe_560-bdb1be35.jpg: 2019-07-27 09:45:11.375309122 +01:00
build/assets/img/teyepe_220x2-bc46ffbe.jpg: 2019-07-27 09:45:11.296413655 +01:00
build/android-chrome-192x192-437f8120.png: 2019-07-27 09:45:12.816779219 +01:00
build/9f5166c468771f91bae0fd4db8070ac2-abdbc62c.png: 2019-05-14 00:56:17.411593429
  +01:00
build/favicon-16x16-b8fda325.png: 2019-07-27 09:45:11.374327716 +01:00
